192	1.358465	2.375775
193	1.375272	2.386817
194	1.391996	2.397757
195	1.408656	2.408625
196	1.425274	2.419451
197	1.441878	2.430259
198	1.4585	2.441069
199	1.475176	2.451895
200	1.491943	2.462744
201	1.508842	2.47362
202	1.525912	2.484514
203	1.543195	2.495415
204	1.560729	2.506302
205	1.57855	2.517146
206	1.596691	2.527911
207	1.615178	2.538553
208	1.634031	2.549025
209	1.653263	2.55927
210	1.672875	2.569229
211	1.692861	2.578839
212	1.713199	2.588037
213	1.73386	2.59676
214	1.754798	2.604948
215	1.775956	2.612546
216	1.797267	2.619508
217	1.818651	2.625798
218	1.840019	2.631394
219	1.861277	2.636288
220	1.882326	2.64049
221	1.903066	2.644026
222	1.923403	2.646941
223	1.943247	2.649299
224	1.962518	2.651177
225	1.981153	2.65267
226	1.999101	2.653879
227	2.016331	2.654918
228	2.03283	2.655901
229	2.048605	2.656944
230	2.063681	2.65816
231	2.0781	2.659655
232	2.091917	2.661525
233	2.105203	2.663858
234	2.118037	2.666724
235	2.130505	2.670185
236	2.142699	2.674286
237	2.154711	2.679059
238	2.166638	2.684524
239	2.178569	2.690689
240	2.190594	2.697549
241	2.202798	2.705094
242	2.215261	2.713302
243	2.228056	2.722146
244	2.241254	2.731592
245	2.254915	2.741603
246	2.269098	2.752138
247	2.283853	2.763153
248	2.299228	2.774601
249	2.315264	2.786434
250	2.331997	2.798605
251	2.349461	2.811064
252	2.367685	2.823762
253	2.386694	2.836648
254	2.406512	2.849671
255	2.427158	2.862783
256	2.448649	2.875933
257	2.471002	2.889071
258	2.494228	2.902144
259	2.518338	2.915103
260	2.543342	2.927897
261	2.569246	2.940473
262	2.596054	2.952778
263	2.623769	2.964759
264	2.652393	2.976362
265	2.681922	2.987532
266	2.712353	2.998213
267	2.74368	3.008347
268	2.775891	3.017875
269	2.808974	3.02674
270	2.842913	3.03488
271	2.877687	3.042234
272	2.913272	3.04874
273	2.949639	3.054337
274	2.986754	3.058961
275	3.024579	3.062551
276	3.063071	3.065045
277	3.102178	3.066381
278	3.141845	3.066503
279	3.182012	3.065351
280	3.222609	3.062874
281	3.263562	3.059021
282	3.304791	3.053747
283	3.346209	3.047013
284	3.387724	3.038785
285	3.429239	3.029038
286	3.47065	3.017753
287	3.511853	3.004922
288	3.552738	2.990547
289	3.593194	2.974639
290	3.63311	2.957222
291	3.672375	2.938331
292	3.710881	2.918011
293	3.748522	2.896321
294	3.7852	2.87333
295	3.820823	2.84912
296	3.855307	2.823781
297	3.888577	2.797411
298	3.920573	2.770121
299	3.951245	2.742023
300	3.980555	2.713235
301	4.008481	2.68388
302	4.035015	2.654079
303	4.060163	2.623954
304	4.083945	2.593622
305	4.106394	2.563198
306	4.127556	2.532786
307	4.147489	2.502487
308	4.166259	2.472387
309	4.183943	2.442564
310	4.200623	2.413085
311	4.216386	2.384003
312	4.231324	2.355358
313	4.245528	2.327179
314	4.259092	2.299479
315	4.272104	2.272263
316	4.284652	2.245521
317	4.296816	2.219234
318	4.308672	2.193374
319	4.320287	2.167901
320	4.331722	2.142771
321	4.343026	2.117934
322	4.354241	2.093332
323	4.365399	2.068908
324	4.376521	2.0446
325	4.38762	2.020347
326	4.398698	1.996088
327	4.409749	1.971764
328	4.420757	1.94732
329	4.431702	1.922704
330	4.442553	1.89787
331	4.453274	1.872775
332	4.463826	1.847386
333	4.474162	1.821674
334	4.484234	1.795617
335	4.493993	1.769203
336	4.503387	1.742423
337	4.512363	1.715278
338	4.520871	1.687775
339	4.52886	1.659928
340	4.536283	1.631757
341	4.543096	1.603288
342	4.549257	1.574551
343	4.554728	1.545582
344	4.559478	1.51642
345	4.563478	1.487108
346	4.566704	1.45769
347	4.569139	1.428213
348	4.570771	1.398727
349	4.571589	1.36928
350	4.571591	1.339922
351	4.570779	1.3107
352	4.569159	1.281664
353	4.56674	1.252859
354	4.563537	1.224329
355	4.559567	1.196119
356	4.554851	1.168269
357	4.549413	1.140816
358	4.543278	1.113796
359	4.536475	1.087241
360	4.529034	1.061183
361	4.520987	1.035646
362	4.512365	1.010657
363	4.503204	0.986235
364	4.493536	0.9624
365	4.483397	0.939168
366	4.472822	0.916552
367	4.461844	0.894564
368	4.4505	0.873211
369	4.438822	0.852502
370	4.426845	0.832439
371	4.414603	0.813026
372	4.402128	0.794264
373	4.389452	0.776152
374	4.376608	0.758688
375	4.363627	0.741867
376	4.350539	0.725686
377	4.337376	0.710137
378	4.324168	0.695214
379	4.310946	0.680907
380	4.297743	0.667208
381	4.2846	0.654104
382	4.271579	0.641558
383	4.258668	0.629489
384	4.245848	0.617892
385	4.233121	0.606759
386	4.220493	0.596085
387	4.207976	0.585859
388	4.195578	0.576074
389	4.183311	0.56672
390	4.171186	0.557785
391	4.159214	0.549259
392	4.147405	0.54113
393	4.135771	0.533386
394	4.124321	0.526016
395	4.113065	0.519005
396	4.102012	0.512341
397	4.091172	0.506011
398	4.080553	0.5
399	4.070161	0.494294
400	4.060006	0.488879
401	4.050093	0.483739
402	4.040429	0.47886
403	4.031019	0.474226
404	4.021867	0.469822
405	4.012978	0.465631
406	4.004354	0.461638
407	3.995999	0.457826
408	3.987913	0.454179
409	3.980098	0.450681
410	3.972553	0.447315
411	3.965278	0.444065
412	3.95827	0.440914
413	3.951527	0.437847
414	3.945045	0.434848
415	3.938818	0.431901
416	3.932842	0.428992
417	3.92711	0.426105
418	3.921615	0.423226
419	3.916348	0.420342
420	3.911299	0.417441
421	3.90646	0.414509
422	3.90182	0.411536
423	3.897367	0.408512
424	3.89309	0.405426
425	3.888976	0.402272
426	3.885014	0.39904
427	3.88119	0.395726
428	3.877491	0.392323
429	3.873904	0.388827
430	3.870415	0.385236
431	3.867013	0.381547
432	3.863683	0.377758
433	3.860412	0.373871
434	3.85719	0.369886
435	3.854003	0.365805
436	3.850841	0.36163
437	3.847692	0.357365
438	3.844547	0.353014
439	3.841396	0.348582
440	3.838229	0.344074
441	3.835039	0.339496
442	3.831818	0.334855
443	3.828559	0.330156
444	3.825258	0.325408
445	3.821908	0.320616
446	3.818504	0.315789
447	3.815044	0.310933
448	3.811524	0.306055
449	3.807942	0.301164
450	3.804296	0.296265
451	3.800586	0.291367
452	3.796809	0.286474
453	3.792967	0.281595
454	3.789059	0.276736
455	3.785087	0.271901
456	3.781052	0.267098
457	3.776955	0.262331
458	3.772798	0.257605
459	3.768584	0.252926
460	3.764315	0.248297
461	3.759993	0.243722
462	3.755622	0.239206
463	3.751204	0.234751
464	3.746742	0.230361
465	3.74224	0.226038
466	3.737701	0.221785
467	3.733128	0.217605
468	3.728525	0.213498
469	3.723894	0.209466
470	3.719239	0.205512
471	3.714564	0.201635
472	3.709871	0.197838
473	3.705164	0.19412
474	3.700446	0.190483
475	3.695721	0.186926
476	3.690991	0.183449
477	3.686259	0.180054
478	3.681529	0.176739
479	3.676803	0.173504
480	3.672084	0.170349
481	3.667376	0.167274
482	3.66268	0.164278
483	3.658	0.16136
484	3.65334	0.158519
485	3.648701	0.155755
486	3.644087	0.153066
487	3.639502	0.150453
488	3.634949	0.147912
489	3.630437	0.145445
490	3.625976	0.143038
491	3.621557	0.140678
492	3.617175	0.138364
493	3.612826	0.136096
494	3.60851	0.133873
495	3.604226	0.131694
496	3.599972	0.129559
497	3.59575	0.127468
498	3.591558	0.125419
499	3.587396	0.123412
500	3.583264	0.121446
501	3.579163	0.11952
502	3.575091	0.117633
503	3.57105	0.115786
504	3.567039	0.113976
505	3.563057	0.112204
506	3.559105	0.110468
507	3.555184	0.108768
508	3.551292	0.107103
509	3.54743	0.105472
510	3.543597	0.103875
511	3.539795	0.10231
512	3.536022	0.100778
513	3.532279	0.099277
514	3.528565	0.097806
515	3.52488	0.096366
516	3.521225	0.094955
517	3.517599	0.093572
518	3.514002	0.092218
519	3.510434	0.09089
520	3.506895	0.08959
521	3.503384	0.088315
522	3.499902	0.087066
523	3.496448	0.085842
524	3.493022	0.084642
525	3.489625	0.083466
526	3.486254	0.082313
527	3.482912	0.081183
528	3.479597	0.080075
529	3.476309	0.078989
530	3.473048	0.077923
531	3.469814	0.076879
532	3.466607	0.075854
533	3.463425	0.074849
534	3.460271	0.073864
535	3.457142	0.072897
536	3.454038	0.071948
537	3.45096	0.071018
538	3.447908	0.070104
539	3.44488	0.069208
540	3.441878	0.068329
541	3.4389	0.067466
542	3.435946	0.066619
543	3.433017	0.065787
544	3.430111	0.064971
545	3.42723	0.064169
546	3.424371	0.063382
547	3.421536	0.06261
548	3.418724	0.061851
549	3.415935	0.061106
550	3.413169	0.060374
551	3.410424	0.059655
552	3.407702	0.058948
553	3.405002	0.058254
554	3.402324	0.057572
555	3.399667	0.056902
556	3.397031	0.056244
557	3.394416	0.055597
558	3.391823	0.054961
559	3.389249	0.054336
560	3.386697	0.053722
561	3.384164	0.053117
562	3.381651	0.052524
563	3.379158	0.05194
564	3.376685	0.051365
565	3.374232	0.050801
566	3.371797	0.050245
567	3.369381	0.049699
568	3.366984	0.049162
569	3.364606	0.048633
570	3.362246	0.048113
571	3.359904	0.047601
572	3.35758	0.047098
573	3.355274	0.046603
574	3.352986	0.046115
575	3.350715	0.045636
576	3.348461	0.045163
577	3.346225	0.044699
578	3.344005	0.044241
579	3.341802	0.043791
580	3.339616	0.043347
581	3.337446	0.042911
582	3.335292	0.042481
583	3.333154	0.042057
584	3.331032	0.041641
585	3.328926	0.04123
586	3.326835	0.040826
587	3.32476	0.040427
588	3.3227	0.040035
589	3.320655	0.039648
590	3.318624	0.039268
591	3.316609	0.038893
592	3.314608	0.038523
593	3.312622	0.038159
594	3.31065	0.0378
595	3.308692	0.037446
596	3.306748	0.037097
597	3.304818	0.036754
598	3.302901	0.036415
599	3.300998	0.036081
600	3.299109	0.035752
601	3.297233	0.035428
602	3.29537	0.035108
603	3.29352	0.034792
604	3.291683	0.034482
605	3.289859	0.034175
606	3.288047	0.033873
607	3.286248	0.033574
608	3.284461	0.03328
609	3.282686	0.03299
610	3.280924	0.032704
611	3.279174	0.032422
612	3.277435	0.032144
613	3.275708	0.031869
614	3.273993	0.031598
615	3.27229	0.031331
616	3.270598	0.031067
617	3.268917	0.030807
618	3.267248	0.03055
619	3.265589	0.030297
620	3.263942	0.030047
621	3.262305	0.0298
622	3.260679	0.029557
623	3.259064	0.029316
624	3.25746	0.029079
625	3.255865	0.028845
626	3.254282	0.028614
627	3.252708	0.028386
628	3.251145	0.028161
629	3.249592	0.027938
630	3.248048	0.027719
631	3.246515	0.027502
632	3.244991	0.027288
633	3.243477	0.027077
634	3.241973	0.026868
635	3.240478	0.026663
636	3.238992	0.026459
637	3.237516	0.026258
638	3.236049	0.02606
639	3.234591	0.025864
640	3.233143	0.025671
641	3.231703	0.02548
642	3.230272	0.025291
643	3.22885	0.025104
644	3.227437	0.02492
645	3.226032	0.024738
646	3.224636	0.024559
647	3.223249	0.024381
648	3.221869	0.024206
649	3.220499	0.024033
650	3.219136	0.023861
651	3.217782	0.023692
652	3.216436	0.023525
653	3.215098	0.02336
654	3.213767	0.023197
655	3.212445	0.023036
656	3.211131	0.022877
657	3.209824	0.022719
658	3.208525	0.022564
659	3.207233	0.02241
660	3.20595	0.022258
661	3.204673	0.022108
662	3.203404	0.02196
663	3.202143	0.021813
664	3.200889	0.021668
665	3.199641	0.021525
666	3.198402	0.021384
667	3.197169	0.021244
668	3.195943	0.021106
669	3.194725	0.020969
670	3.193513	0.020834
671	3.192308	0.0207
672	3.19111	0.020568
673	3.189918	0.020438
674	3.188734	0.020309
675	3.187556	0.020181
676	3.186384	0.020055
677	3.185219	0.01993
678	3.184061	0.019807
679	3.182909	0.019685
680	3.181763	0.019565
681	3.180623	0.019446
682	3.17949	0.019328
683	3.178363	0.019212
684	3.177242	0.019097
685	3.176128	0.018983
686	3.175019	0.01887
687	3.173916	0.018759
688	3.17282	0.018649
689	3.171729	0.01854
690	3.170644	0.018433
691	3.169565	0.018326
692	3.168491	0.018221
693	3.167423	0.018117
694	3.166362	0.018014
695	3.165305	0.017913
696	3.164254	0.017812
697	3.163209	0.017713
698	3.162169	0.017615
699	3.161134	0.017517
700	3.160106	0.017421
701	3.159082	0.017326
702	3.158064	0.017232
703	3.157051	0.017139
704	3.156043	0.017047
705	3.15504	0.016956
706	3.154043	0.016866
707	3.15305	0.016777
708	3.152063	0.016689
709	3.151081	0.016602
710	3.150104	0.016516
711	3.149131	0.016431
712	3.148164	0.016347
713	3.147201	0.016264
714	3.146244	0.016182
715	3.145291	0.0161
716	3.144342	0.01602
717	3.143399	0.01594
718	3.14246	0.015862
719	3.141526	0.015784
720	3.140597	0.015707
721	3.139672	0.015631
722	3.138752	0.015556
723	3.137836	0.015481
724	3.136925	0.015407
725	3.136018	0.015335
726	3.135116	0.015263
727	3.134218	0.015192
728	3.133324	0.015121
729	3.132435	0.015051
730	3.13155	0.014983
731	3.130669	0.014915
732	3.129792	0.014847
733	3.12892	0.014781
734	3.128052	0.014715
735	3.127188	0.01465
736	3.126328	0.014585
737	3.125472	0.014522
738	3.12462	0.014459
739	3.123772	0.014397
740	3.122929	0.014335
741	3.122089	0.014274
742	3.121253	0.014214
743	3.120421	0.014155
744	3.119593	0.014096
745	3.118769	0.014038
746	3.117948	0.01398
747	3.117132	0.013923
748	3.116319	0.013867
749	3.11551	0.013812
750	3.114705	0.013757
751	3.113903	0.013702
752	3.113105	0.013649
753	3.112311	0.013596
754	3.11152	0.013543
755	3.110733	0.013491
756	3.10995	0.01344
757	3.10917	0.013389
758	3.108393	0.013339
759	3.10762	0.01329
760	3.106851	0.013241
761	3.106085	0.013193
762	3.105323	0.013145
763	3.104564	0.013098
764	3.103808	0.013051
765	3.103056	0.013005
766	3.102307	0.012959
767	3.101562	0.012914
768	3.10082	0.012869
769	3.100081	0.012825
770	3.099345	0.012781
771	3.098613	0.012738
772	3.097884	0.012695
773	3.097157	0.012653
774	3.096435	0.012611
775	3.095715	0.01257
776	3.094999	0.012529
777	3.094285	0.012488
778	3.093575	0.012448
779	3.092868	0.012409
780	3.092163	0.012369
781	3.091462	0.012331
782	3.090764	0.012292
783	3.090069	0.012255
784	3.089376	0.012217
785	3.088687	0.01218
786	3.088001	0.012144
787	3.087317	0.012107
788	3.086636	0.012072
789	3.085958	0.012036
790	3.085284	0.012001
791	3.084611	0.011967
792	3.083942	0.011932
793	3.083276	0.011899
794	3.082612	0.011865
795	3.081951	0.011832
796	3.081292	0.0118
797	3.080637	0.011767
798	3.079984	0.011735
799	3.079334	0.011704
800	3.078686	0.011673
801	3.078041	0.011642
802	3.077399	0.011611
803	3.076759	0.011581
804	3.076122	0.011552
805	3.075488	0.011522
806	3.074856	0.011493
807	3.074226	0.011465
808	3.0736	0.011436
809	3.072975	0.011408
810	3.072353	0.011381
811	3.071734	0.011353
812	3.071117	0.011326
813	3.070503	0.0113
814	3.069891	0.011274
815	3.069281	0.011248
816	3.068674	0.011222
817	3.06807	0.011197
818	3.067467	0.011172
819	3.066867	0.011147
820	3.06627	0.011122
821	3.065675	0.011098
822	3.065082	0.011075
823	3.064491	0.011051
824	3.063903	0.011028
825	3.063317	0.011005
826	3.062733	0.010983
827	3.062152	0.01096
828	3.061573	0.010938
829	3.060996	0.010917
830	3.060421	0.010895
831	3.059848	0.010874
832	3.059278	0.010853
833	3.05871	0.010833
834	3.058144	0.010812
835	3.05758	0.010792
836	3.057019	0.010773
837	3.056459	0.010753
838	3.055902	0.010734
839	3.055347	0.010715
840	3.054794	0.010697
841	3.054243	0.010678
842	3.053694	0.01066
843	3.053147	0.010642
844	3.052603	0.010625
845	3.05206	0.010608
846	3.051519	0.010591
847	3.050981	0.010574
848	3.050444	0.010557
849	3.04991	0.010541
850	3.049377	0.010525
851	3.048847	0.010509
852	3.048318	0.010494
853	3.047792	0.010478
854	3.047267	0.010463
855	3.046745	0.010448
856	3.046224	0.010434
857	3.045706	0.010419
858	3.045189	0.010405
859	3.044674	0.010392
860	3.044162	0.010378
861	3.043651	0.010364
862	3.043142	0.010351
863	3.042636	0.010338
864	3.042131	0.010326
865	3.041628	0.010313
866	3.041128	0.010301
867	3.040629	0.010288
868	3.040132	0.010276
869	3.039637	0.010263
870	3.039144	0.010251
871	3.038653	0.010239
872	3.038164	0.010226
873	3.037676	0.010214
874	3.03719	0.010202
875	3.036706	0.01019
876	3.036224	0.010178
877	3.035743	0.010166
878	3.035264	0.010153
879	3.034787	0.010141
880	3.034312	0.010129
881	3.033838	0.010117
882	3.033365	0.010105
883	3.032895	0.010093
884	3.032426	0.010081
885	3.031959	0.01007
886	3.031493	0.010058
887	3.031029	0.010046
888	3.030566	0.010034
889	3.030105	0.010022
890	3.029646	0.01001
891	3.029188	0.009999
892	3.028732	0.009987
893	3.028277	0.009975
894	3.027823	0.009964
895	3.027372	0.009952
896	3.026921	0.009941
897	3.026473	0.009929
898	3.026025	0.009917
899	3.025579	0.009906
900	3.025135	0.009894
901	3.024692	0.009883
902	3.02425	0.009872
903	3.02381	0.00986
904	3.023371	0.009849
905	3.022934	0.009837
906	3.022498	0.009826
907	3.022063	0.009815
908	3.02163	0.009804
909	3.021198	0.009792
910	3.020768	0.009781
911	3.020339	0.00977
912	3.019911	0.009759
913	3.019485	0.009748
914	3.019059	0.009737
915	3.018636	0.009726
916	3.018213	0.009715
917	3.017792	0.009704
918	3.017372	0.009693
919	3.016953	0.009682
920	3.016536	0.009671
921	3.01612	0.00966
922	3.015705	0.009649
923	3.015291	0.009638
924	3.014879	0.009627
925	3.014468	0.009616
926	3.014058	0.009605
927	3.013649	0.009595
928	3.013242	0.009584
929	3.012836	0.009573
930	3.01243	0.009563
931	3.012027	0.009552
932	3.011624	0.009541
933	3.011222	0.009531
934	3.010822	0.00952
935	3.010423	0.00951
936	3.010025	0.009499
937	3.009628	0.009488
938	3.009232	0.009478
939	3.008837	0.009468
940	3.008444	0.009457
941	3.008052	0.009447
942	3.007661	0.009436
943	3.00727	0.009426
944	3.006881	0.009416
945	3.006494	0.009405
946	3.006107	0.009395
947	3.005721	0.009385
948	3.005336	0.009374
949	3.004953	0.009364
950	3.00457	0.009354
951	3.004189	0.009344
952	3.003808	0.009334
953	3.003429	0.009323
954	3.00305	0.009313
955	3.002673	0.009303
956	3.002297	0.009293
957	3.001922	0.009283
958	3.001547	0.009273
959	3.001174	0.009263
960	3.000802	0.009253
961	3.000431	0.009243
962	3.00006	0.009233
963	2.999691	0.009223
964	2.999323	0.009214
965	2.998955	0.009204
966	2.998589	0.009194
967	2.998224	0.009184
968	2.997859	0.009174
969	2.997496	0.009164
970	2.997133	0.009155
971	2.996772	0.009145
972	2.996411	0.009135
973	2.996051	0.009126
974	2.995692	0.009116
975	2.995335	0.009106
976	2.994978	0.009097
977	2.994622	0.009087
978	2.994267	0.009077
979	2.993912	0.009068
980	2.993559	0.009058
981	2.993207	0.009049
982	2.992855	0.009039
983	2.992505	0.00903
984	2.992155	0.00902
985	2.991806	0.009011
986	2.991458	0.009002
987	2.991111	0.008992
988	2.990764	0.008983
989	2.990419	0.008973
990	2.990074	0.008964
991	2.98973	0.008955
992	2.989388	0.008945
993	2.989045	0.008936
994	2.988704	0.008927
995	2.988364	0.008918
996	2.988024	0.008909
997	2.987685	0.008899
998	2.987347	0.00889
999	2.98701	0.008881
